0.0
0.3090169943749474
0.5877852522924731
0.8090169943749473
0.9510565162951535
1.0
0.9510565162951536
0.8090169943749475
0.5877852522924732
0.3090169943749475
1.2246467991473532e-16


0.0
0.29399377692157086
0.5592093945829673
0.7696857004616267
0.9048198072634925
0.9513838470801119
0.9048198072634925
0.7696857004616269
0.5592093945829675
0.29399377692157086
0.0


0.0
0.2797009305052563
0.5320227851416839
0.7322665427477331
0.8608309491486268
0.9051312244849539
0.8608309491486269
0.7322665427477333
0.5320227851416839
0.2797009305052563
0.0


0.0
0.2661029472959778
0.5061578840623708
0.6966665605273915
0.8189806600866447
0.8611272264628277
0.8189806600866447
0.6966665605273917
0.506157884062371
0.26610294729597783
0.0
