0.0
2.4531374861301393e-2
4.904797293967353e-2
7.353502635316865e-2
9.797778501644036e-2
0.12236152552564349
0.14667156002726212
0.17089324506552325
0.1950119904030669
0.21901326780955974
0.24288261981295764
0.26660566840814637
0.29016812371771405
0.3135557925996393
0.3367545871967087
0.35975053342251584
0.3825297793789282
0.4050786036999523
0.42738342381697225
0.44943080414038045
0.4712074641526746
0.4927002864081452
0.5138963244343338
0.5347828105305045
0.5553471634584289
0.5755769960208539
0.595460122523086
0.6149845661131983
0.6341385659964381
0.6529105845194899
0.6712893141203266
0.6892636841394614
0.7068228674884995
0.7239562871719721
0.7406536226585214
0.7569048160976041
0.7727000783779635
0.788029895024225
0.8028850319280596
0.8172565409104658
0.831135765111818
0.8445143442064347
0.8573842194385267
0.8697376384764899
0.8815671600826198
0.8928656585954355
0.9036263282219106
0.9138426871370295
0.923508581388196
0.9326181886021445
0.9411660214921191
0.9491469311632114
0.9565561102138604
0.9633890956316535
0.9696417714816766
0.9753103713858003
0.9803914807914051
0.9848820390281798
0.9887793411517554
0.9920810395730618
0.994785145472429
0.9968900299975763
0.9983944252447723
0.9992974250225726
0.9995984853976772
0.9992974250225726
0.9983944252447723
0.9968900299975763
0.9947851454724292
0.9920810395730619
0.9887793411517551
0.9848820390281797
0.9803914807914051
0.9753103713858003
0.9696417714816767
0.9633890956316536
0.9565561102138606
0.9491469311632114
0.9411660214921191
0.9326181886021444
0.9235085813881959
0.9138426871370295
0.9036263282219107
0.8928656585954357
0.88156716008262
0.8697376384764901
0.8573842194385268
0.8445143442064348
0.8311357651118181
0.817256540910466
0.8028850319280598
0.7880298950242253
0.7727000783779636
0.7569048160976042
0.7406536226585214
0.7239562871719721
0.7068228674884995
0.6892636841394614
0.6712893141203267
0.6529105845194901
0.6341385659964383
0.6149845661131984
0.5954601225230861
0.5755769960208539
0.5553471634584289
0.5347828105305045
0.5138963244343339
0.49270028640814534
0.4712074641526748
0.4494308041403805
0.4273834238169724
0.4050786036999524
0.3825297793789283
0.35975053342251595
0.3367545871967088
0.31355579259963934
0.29016812371771417
0.2666056684081465
0.24288261981295783
0.21901326780955993
0.1950119904030671
0.1708932450655234
0.14667156002726225
0.12236152552564362
9.797778501644054e-2
7.35350263531688e-2
4.904797293967362e-2
2.4531374861301428e-2
0.0
